&bgcctl
    l_cpl_co2 = .true.
    lndep = .true.
    deltaorg = 4.01
    deltacalc = 445.36
    deltasil = 20.0
    sinkspeed_opal = 25.0
/
&ioctl
    iolist(100) = 99, 'rerun_EXPID_hamocc.nc', 'nc2', 7, 10, 11, 12, 13, 14,
                  15, 16, 17, 20, 21, 22, 23, 24, 27, 28, 29, 30, 31, 36, 37,
                  38, 41, 44, 45, 46, 47, 48, 49, 50, 51, 54, 55, 56, 57, 58,
                  59, 60, 61, 62, 63, 64, 203, 204, 205, 145
    iolist(99) = 4002, 'dust_deposition.nc', 'nc2', 34
    iolist(98) = 4002, 'nitrogen_deposition.nc', 'nc2', 35
    iolist(97) = 3, 'EXPID_hamocc_data_3d_ym.nc', 'nc2', 36, 704, 731, 764,
                 787, 781, 739, 762, 783, 782, 747, 752, 701, 745, 20, 700, 765,
                 22, 754, 712, 724, 709, 766, 743, 719, 28, 707, 750, 735, 770,
                 789, 142, 727, 729, 166, 769, 741, 771, 772, 758, 773, 774,
                 775, 776, 777, 778, 779, 780, 784, 711, 785, 786, 788
    iolist(96) = 2, 'EXPID_hamocc_data_3d_mm.nc', 'nc2', 69, 70, 71, 84, 85,
                 86, 100, 711, 292, 293, 294, 295, 296, 143, 510, 700, 701, 704,
                 707, 709, 712, 719, 724, 727, 729, 731, 735, 736, 739, 741,
                 743, 745, 147, 747, 750, 751, 752, 754, 758, 759, 762, 764,
                 765, 766, 236, 780, 736, 778
    iolist(95) = 2, 'EXPID_hamocc_data_2d_mm.nc', 'nc2', 755, 721, 742, 737,
                 733, 723, 716, 93, 738, 763, 107, 110, 111, 112, 114, 115, 116,
                 117, 120, 122, 123, 124, 127, 129, 131, 137, 157, 159, 714,
                 715, 749, 710, 746, 708, 730, 705, 791, 207, 210, 211, 214,
                 215, 703, 174, 704, 201, 713, 206, 717, 718, 720, 722, 725,
                 726, 728, 732, 734, 740, 744, 748, 753, 756, 757, 760, 207,
                 761, 215, 790, 792
    iolist(94) = 2, 'EXPID_hamocc_data_2d_dm.nc', 'nc2', 767, 768
    iolist(93) = 101, 'EXPID_hamocc_co2.nc', 'nc2', 301, 303, 304, 305, 306,
                 307, 308, 309, 310, 311, 312, 313, 314, 203, 204, 205
    iolist(92) = 3, 'EXPID_hamocc_monitoring_ym.nc', 'nc2', 500, 501, 502,
                 503, 504, 505, 506, 507, 508, 509, 517, 519, 520, 523, 529,
                 530, 531, 532, 533, 534, 535
    iolist(91) = 3, 'EXPID_hamocc_data_sedi_ym.nc', 'nc2', 38, 41, 44, 45,
                 46, 47, 48, 49, 50, 51, 54, 55, 56, 57, 58, 59, 60, 63, 94, 95,
                 96, 97, 167, 168, 280, 281, 282, 283, 284, 285, 286, 287
/

