&bgcctl
    lmartin = .true.
    l_cyadyn = .true.
    deltacalc = 397.7
    deltaorg = 1.73
    deltasil = 0.0
    sinkspeed_opal = 25.0
    l_cpl_co2 = .true.
    cycdec = 0.1
/
&ioctl
    iolist(100) = 99, 'rerun_EXPID_hamocc.nc', 'nc2', 7, 10, 11, 12, 13, 14,
                  15, 16, 17, 20, 21, 22, 23, 24, 27, 28, 29, 30, 31, 37, 38,
                  41, 44, 45, 46, 47, 48, 49, 50, 51, 54, 55, 56, 57, 58, 59,
                  60, 61, 62, 64, 203, 204, 205, 144, 145
    iolist(99) = 4002, 'GR15_MAHOWALDDUST_r2.nc', 'nc2', 34
    iolist(98) = 3, 'EXPID_hamocc_data_3d_ym.nc', 'nc2', 7, 10, 11, 12, 14,
                 15, 16, 17, 20, 21, 22, 23, 24, 27, 28, 29, 31, 37, 158, 141,
                 142, 144, 145, 166, 297
    iolist(97) = 2, 'EXPID_hamocc_data_eu_mm.nc', 'nc2', 69, 70, 71, 84, 85,
                 86, 100, 101, 292, 293, 294, 295, 296, 297, 143, 510
    iolist(96) = 2, 'EXPID_hamocc_data_2d_mm.nc', 'nc2', 67, 68, 72, 75, 78,
                 81, 92, 93, 94, 95, 107, 110, 111, 112, 114, 115, 116, 117,
                 120, 121, 122, 123, 124, 127, 129, 131, 137, 157, 159, 160,
                 161, 162, 163, 164, 165, 185, 186, 200, 206, 207, 210, 211,
                 214, 215, 231
    iolist(95) = 101, 'EXPID_hamocc_co2.nc', 'nc2', 301, 303, 304, 305, 306,
                 307, 308, 309, 310, 311, 312, 313, 314, 203, 204, 205
    iolist(94) = 3, 'EXPID_hamocc_monitoring_ym.nc', 'nc2', 500, 501, 502,
                 503, 504, 505, 506, 507, 508, 509, 511, 512, 513, 514, 515,
                 516, 517, 518, 519, 520, 521, 522, 523, 524, 525
    iolist(93) = 3, 'EXPID_hamocc_data_sedi_ym.nc', 'nc2', 38, 41, 44, 45,
                 46, 47, 48, 49, 50, 51, 54, 55, 56, 57, 58, 59, 60, 94, 95, 96,
                 97, 167, 168, 280, 281, 282, 283, 284, 285, 286, 287
/

