-7.208278325246499207e+01
-7.193945033855459315e+01
-7.200256036694634076e+01
-7.207106276860942273e+01
-7.193267593097365875e+01
-7.202112099703636261e+01
-7.204501168974798020e+01
-7.200333504950289409e+01
-7.198084840470107792e+01
-7.205121589959631478e+01
-7.194152725035547746e+01
-7.200136967557104128e+01
-7.205511916856430332e+01
-7.717375566612706450e+01
-7.708878330953417901e+01
-7.715583538214443138e+01
-7.716697208659593343e+01
-7.706574406551028744e+01
-7.711813204937473643e+01
-7.714886082363111086e+01
-7.706098706348119265e+01
-7.712289841597890927e+01
