8.621468033760834260e+00
2.655037651196800752e+01
1.433788345566616940e+01
2.654181884879261943e+01
2.180248937483425564e+01
6.685027403737086615e+01
3.110862736306195586e+01
8.718571919758419142e+01
1.953721245067373218e+02
2.888794334626886098e+02
6.164961326723794173e+02
1.060660051824334460e+03
3.684563806307607138e+03
2.707651419026209894e+01
2.935415006091780299e+01
5.109339091101466579e+01
1.452864407712907813e+01
6.645614975305144867e+01
2.658245990122057947e+02
4.699159414193138673e+02
8.084739552514972729e+02
2.808509539638418119e+03
