-1.299436771609178720e+01
-1.251853625276929804e+01
-1.336616637272362418e+01
-1.315361184420065399e+01
-1.248358913319836105e+01
-1.350298139293240673e+01
-1.302448651378870537e+01
-1.258282027613201848e+01
-1.339084856054946648e+01
-1.306861342862203301e+01
-1.271438842230853794e+01
-1.330820925935854326e+01
-1.312580174427890967e+01
1.726568406363832651e+02
1.723155708359288951e+02
1.730813606886663933e+02
1.724931493513320504e+02
1.723192749303658786e+02
1.732984415113540422e+02
1.726332577985515968e+02
1.720841692477521292e+02
1.730759118819296134e+02
