&proctl
/
&ocedim
    ie_g = 256
    je_g = 220
    ke = 40
    lbounds_exch_tp = .false.
/
&nprocs
    nprocx = 16
    nprocy = 24
/
&ocectl
    dt = 2700
    nmonts = 12
    ndays = 0
    nfixyearlen = -1
    lnonblock = .true.
    luse_sp_diag = .true.
    lundelayed_momentum_advection = .true.
    ! Base tuning
    aus = 0.
    dv0 = 0.2e-2
    av0 = 0.2e-2
    cwa = 0.75e-3
    cstabeps = 0.03
    dback = 1.05e-5
    cdvocon = 0.1
    ! Jerlov type IA
    jerlov_atten = 0.06
    jerlov_bluefrac = 0.41
    lsaoclose = .true.
    lzo_correct = .false.
    lakes = .false.
    caulapuv = 0.006
    ibolk = 250
    rleadclose = 0.5, 5.0, 4.0
    h0 = 0.3
/
&ocedzw
    cdzw = 12., 10., 10., 10., 10., 10., 13., 15., 20., 25., 30., 35., 40., 45.,
           50., 55., 60., 70., 80., 90., 100., 110., 120., 130., 140., 150.,
           170., 180., 190., 200., 220., 250., 270., 300., 350., 400., 450.,
           500., 500., 600.
/
&ioctl
    iolist(100) = 99, 'rerun_EXPID_mpiom.nc', 'nc2', 1, 2, 3, 4, 5, 7, 9,
                  10, 13, 15, 35, 36, 39, 82, 99, 110, 111, 141, 501, 502, 503,
                  504
    iolist(99) = 2, 'EXPID_mpiom_data_2d_mm.nc', 'nc2', 1, 11, 12, 13, 14,
                 15, 16, 17, 19, 20, 27, 35, 36, 66, 70, 78, 79, 104, 109, 123,
                 124, 125, 126, 127, 128, 134, 136, 138, 139, 140, 141, 149,
                 150, 151, 153, 165, 168, 169, 170, 181, 183, 215, 216, 217,
                 218, 219, 220, 221, 222, 223, 224, 225, 226, 227, 228, 229,
                 275, 276, 277, 278, 280, 285, 286, 287, 288, 548, 549, 521,
                 1013, 1015, 1016, 1018, 1019, 1020, 1021, 1022, 1023, 1024,
                 1025, 1026, 1027, 1028, 1036, 1037, 1038, 1039, 1040, 1041,
                 1042, 1043, 1044, 1045, 1046, 1047, 1048
    iolist(98) = 2, 'EXPID_mpiom_timeser_mm.nc', 'nc2', 508, 509, 520, 513,
                 514, 515, 516, 517, 518, 519, 644, 645, 724, 725, 684, 685,
                 809, 613, 614, 615, 623, 624, 625, 633, 634, 635, 703, 704,
                 705, 612, 622, 632, 642, 652, 662, 672, 682, 692, 702, 712,
                 722, 732, 742, 752, 762, 770, 771, 772, 774, 775, 780, 781,
                 782, 784, 785, 790, 791, 792, 794, 795, 800, 801, 802, 804,
                 805, 810, 811, 812, 814, 815, 820, 821, 822, 823, 824, 825,
                 826, 827, 828, 829, 830, 831, 832, 833, 834, 835, 836, 837,
                 838, 839, 840, 841, 842, 843, 844, 845, 846, 847, 848, 849,
                 850, 851, 852, 853, 854, 855, 856, 857, 858, 859, 860, 861,
                 862, 863, 864, 865, 866, 867, 868, 869, 870, 871, 872, 873,
                 874, 875, 876, 877, 878, 879, 880, 881, 882, 883, 884, 885,
                 886, 887, 888, 889, 890, 891, 892, 893, 894, 895, 896, 897,
                 898, 899, 900, 901, 902, 903, 904, 905, 906, 907, 908, 909,
                 910, 911, 912, 913, 914, 915, 916, 917, 918, 919, 920, 921,
                 922, 923, 924, 925, 926, 927, 928, 929, 930, 931, 932, 933,
                 934, 935, 936, 937, 938, 939, 940, 941, 942, 943, 944, 945,
                 946, 947, 948, 949, 950, 951, 952, 953, 954, 955, 956, 957,
                 958, 959, 960, 961, 962, 963, 1001, 1050, 1051, 1052, 1053,
                 1054, 1055
    iolist(97) = 2, 'EXPID_mpiom_data_moc_mm.nc', 'nc2', 93, 94, 95, 96, 97,
                 98, 100, 101, 102, 106, 107, 108, 1093, 1094, 1095, 1096, 1097,
                 1098, 1099, 1100, 1101, 1112, 1113, 1114
    iolist(96) = 3, 'EXPID_mpiom_monitoring_ym.nc', 'nc2', 515, 516, 518,
                 519, 520, 622, 652, 672, 703, 800, 836, 837, 900, 901, 936,
                 950, 951, 952, 953, 955, 956, 958, 959, 961, 962, 1001
    iolist(95) = 2, 'EXPID_mpiom_data_3d_mm.nc', 'nc2', 2, 3, 4, 5, 6, 7,
                 18, 21, 22, 23, 24, 39, 54, 110, 111, 112, 135, 152, 197, 214,
                 279
    iolist(94) = 6402, 'EXPID_mpiom_data_2d_mmin.nc', 'nc2', 276
    iolist(93) = 12802, 'EXPID_mpiom_data_2d_mmax.nc', 'nc2', 276
    iolist(92) = 12801, 'EXPID_mpiom_data_2d_dmax.nc', 'nc2', 276
    iolist(91) = 3, 'EXPID_mpiom_data_2d_ym.nc', 'nc2', 277, 278
    iolist(90) = 1, 'EXPID_mpiom_data_2d_dm.nc', 'nc2', 12, 13, 14, 15, 16,
                 104, 109, 140, 141, 276, 1016, 1022, 1023, 1024, 1025, 1026,
                 1027, 1028
    iolist(87) = 3, 'EXPID_mpiom_data_3d_ym.nc', 'nc2', 25, 26, 28, 30, 88,
                 90, 111, 152, 282, 1029, 1030, 1031, 1032
    iolist(89) = 90, 'EXPID_mpiom_map.nc', 'nc2', 511, 1594, 1595, 1604,
                 1605, 1614, 1615, 1624, 1625, 1634, 1635, 1644, 1645, 1654,
                 1655, 1664, 1665, 1674, 1675, 1684, 1685, 1694, 1695, 1704,
                 1705, 1714, 1715, 1724, 1725, 1734, 1735, 1744, 1745, 1754,
                 1755, 1764, 1765, 1774, 1775, 1784, 1785, 1794, 1795, 1804,
                 1805, 1814, 1815
    iolist(88) = 90, 'EXPID_mpiom_fx.nc', 'nc2', 56, 57, 84, 85, 86, 87,
                 154, 155, 172, 174, 175, 184, 185, 186, 187, 188, 189, 190,
                 191, 192, 193, 194, 195, 196, 197
/
&cplctl
/

